package at.fgraf;

import com.google.ortools.Loader;
import com.google.ortools.linearsolver.MPConstraint;
import com.google.ortools.linearsolver.MPObjective;
import com.google.ortools.linearsolver.MPSolver;
import com.google.ortools.linearsolver.MPVariable;

import java.awt.*;
import java.time.Duration;
import java.time.Instant;
import java.util.ArrayList;
import java.util.List;
import java.util.Random;

public class HubLocationProblemBig {


    public static void main(String[] args) {
        Instant startTime = Instant.now();
        Loader.loadNativeLibraries();

        // creation of a solver
        MPSolver solver = new MPSolver("Hub Location Problem", MPSolver.OptimizationProblemType.CBC_MIXED_INTEGER_PROGRAMMING);

        int amountOrigins = 42;
        int amountDestinations = 122;
        int amountHubs = 21;


        int[] Fk = {
                15000, 12400, 21400, 7066, 9050, 16200, 18900, 53900, 4440, 6700,
                6200, 5700, 70100, 17800, 7678, 28000, 9590, 15600, 34300, 5900,
                37648,
        };
        //Demand
        int[] demandOrigins = {
                0, 0, 0, 0, 0, 0, 0, 0, 0, 0,
                0, 0, 0, 0, 0, 0, 0, 0, 0, 0,
                0, 0, 0, 0, 0, 0, 0, 0, 0, 0,
                0, 0, 0, 0, 0, 0, 0, 0, 0, 0,
                0, 0, 0, 0, 0, 0, 0, 0, 0, 0,
        };


        int[] demandDestinations =
                {
                        5623, 7561, 8335, 19412, 778, 8156, 4590, 7821, 6069, 5372,
                        9204, 3987, 8509, 4432, 7420, 6721, 5736, 9237, 4982, 8298,
                        6204, 8643,7703, 6990, 2745, 9467, 4210, 5432, 8280, 4187,
                        6669, 7215, 8196, 9127, 993, 5221, 4738, 5041, 5124, 5159,
                        6689, 433, 782, 7479, 9558, 660, 6481, 565, 7065, 4983,
                        8585, 6604, 4076, 6806, 8663, 5859, 6246, 7282, 5805, 6605,
                        9387, 4084, 8453, 6710, 9583, 4398, 5516, 8381, 5321, 6784,
                        6870, 9086, 18204, 26646, 8443, 7662, 9434, 420, 4462, 9314,
                        7573, 9257, 18710, 4545, 8825, 6524, 6477,  6052, 39116, 8478,
                        9103, 5816, 1017, 7781, 2837, 5846, 8293, 7519, 7766, 6456,
                        6014, 9639, 8309, 417, 7876, 6334, 4875, 7639, 5973, 7521,
                        4043,  5712, 19268, 6905, 4528, 8726, 6349, 8062, 4497, 9882,
                        4325,  5424, 9525, 6665, 4828, 9726, 5349, 6062, 7497, 442,
                };




        double[][] distancesFromOriginsToHubs = {
                { 310.57688259109045, 400.15122141510454, 384.88050093503045, 451.45320909259243, 379.905251345648, 351.6276439644642, 417.0431632337353, 325.55798254688824, 425.44212297326646, 201.24611797498108, 330.2968361943541, 176.7399219191861, 264.82069405543064, 219.0091322296858, 264.09278672466615, 268.36542251191753, 439.2914749912636, 214.75567512873786, 221.30521909796886, 368.11003789627904, 162.0154313638056, 332.48759375351136, 354.1412147717348, 177.48521065147935, },
                { 189.61276328348785, 270.1851217221259, 253.57050301641948, 320.0578072786227, 254.9215565620138, 224.95555116511352, 287.39171873942365, 193.8891435846783, 294.3331445828009, 69.63476143421474, 200.12246250733574, 45.12205669071391, 142.80406156688963, 91.00549433962765, 134.72935834479432, 142.36923825040296, 309.04045042680093, 92.61209424259879, 90.0499861188218, 238.30232898568156, 66.70832032063167, 202.02227599945508, 226.13491548188662, 50.0, },
                { 412.0012135904456, 508.4348532506402, 495.519928963508, 562.0862923075068, 483.1035085776132, 456.7986427300326, 524.7856705360771, 437.65854270195615, 535.4717546239017, 314.42805218364344, 439.39617658782606, 289.968963856479, 368.3924537772184, 327.8353245152206, 373.0763996824243, 374.54639232009697, 547.7517685959581, 320.4075529696515, 332.8798582071315, 476.4220817720354, 262.1221089492453, 441.955880150949, 460.5702986515739, 292.27726562290127, },
                { 322.02484376209236, 402.61271713645607, 384.1054542700481, 450.0, 388.4147268062837, 358.5080194361069, 420.0059523387734, 323.00154798390673, 425.1693780130455, 199.3037882229036, 332.6409475695979, 175.72990639046048, 275.2816739269071, 224.5551157288562, 268.00186566514793, 275.82965757873103, 441.09069362207134, 224.61077445216202, 222.19360926903366, 370.95147930693037, 180.3690660839602, 334.26037755019667, 359.54693713060607, 171.04677722775136, },
                { 326.88224179358537, 420.3772115612358, 406.6017707782395, 473.2060861823313, 397.28327425150934, 370.00540536592166, 436.9633851937711, 348.3130775609782, 446.7807068350199, 224.8777445635739, 350.9558376776201, 200.4120754844877, 282.11345235560816, 239.30942313247925, 284.5856637288674, 287.14108030722457, 459.65748117484173, 233.05364189387817, 243.57750306627253, 388.3207437158103, 176.81911661356077, 353.3864739912947, 373.2264728017025, 202.97044119772713, },
                { 280.94305472817797, 374.638492416356, 361.3585477057378, 427.93106921559223, 351.27909132198573, 324.01388859121454, 391.1521443121589, 303.65934861288235, 401.3601873629222, 181.22085972646747, 305.37354174846257, 156.95222202950808, 236.10379073619296, 193.75241933973368, 239.0188277102873, 241.2073796549351, 413.9371933035252, 187.09623192357455, 198.8793604173143, 342.5930530527436, 130.98091464026353, 307.8782226790326, 327.29955698106284, 161.47445618425226, },
                { 355.8258000763857, 447.54105956884, 432.78285548297777, 499.3796151226039, 425.85678343781257, 398.1256083197864, 464.31131797534294, 373.68703482994965, 473.240953426476, 249.46743274423616, 377.828003197222, 224.95555116511352, 310.64449134018133, 266.3174797117155, 311.52046481732145, 315.0142853903613, 486.7494221876386, 261.0938528575501, 269.2842364491468, 415.4816482108446, 206.0509645694482, 380.1078794237236, 401.00124688085447, 225.68340656769607, },
                { 460.8730844820513, 545.9386412409365, 528.0236737117002, 594.0134678607885, 529.2352973867106, 500.1119874588091, 563.2166545832962, 467.0267658282553, 569.0562362368064, 343.0714211355997, 475.88443975402265, 319.22562553780045, 414.6564843337193, 366.3017881474236, 410.58129523883576, 416.91485941376567, 584.6238106680227, 364.1455752854894, 365.4941860002701, 514.1254710671316, 313.1980204279714, 477.6546869863207, 501.8067357060883, 315.1015709259476, },
                { 329.4237392781522, 411.9526671839861, 394.0012690334893, 460.0695599580568, 396.547601177967, 366.9386869764484, 429.27031110944534, 333.12159941979144, 435.01839041585356, 209.02152999152983, 341.915194163699, 185.17289218457435, 282.8002828852899, 232.95707759155977, 276.85555800814257, 283.98943642325855, 450.5873944086763, 232.1077336066164, 231.48650068632512, 380.1854810483956, 185.64751546950473, 343.64225584174017, 368.27435425236985, 181.39735389470266, },
                { 198.21705274773913, 284.04401067440233, 268.9107658685312, 335.5145302367693, 265.6689669494727, 236.54597861726586, 301.0, 210.23796041628637, 309.3622472119053, 87.31551981177229, 214.1494805036893, 63.15853069855251, 151.58495967608397, 103.07764064044152, 148.00337833982033, 153.3101431738944, 323.154761685481, 100.89598604503551, 105.54619841567009, 252.01785651020842, 61.61980201201558, 216.33307652783935, 238.53720883753127, 70.2922470831599, },
                { 316.5217212135685, 408.8924063858364, 394.7112868920776, 461.32201334859366, 386.62643468857635, 359.03481725314606, 425.5690308281372, 336.1487765856065, 435.0, 212.46176126540982, 339.3287491504367, 187.97074240423694, 271.4148116813082, 227.71253808255707, 272.9706943977686, 276.00724628168734, 448.1439500874691, 222.00900882621858, 231.4821807396846, 376.8302004882305, 166.73631877908304, 341.69577111811026, 362.04972034238614, 190.19200824430033, },
                { 328.39762483915746, 412.48515124789645, 395.0620204474229, 461.27757370156206, 396.05681410625925, 366.705603993176, 429.7278208354679, 334.43235489408016, 436.01834823777773, 210.05951537600004, 342.42225394971047, 186.0, 281.9024654024863, 232.81322986462774, 277.04151313476467, 283.59301824974466, 451.2493767308715, 231.25094594401122, 232.1055794245369, 380.63630935579437, 183.30848316430968, 344.2455518957362, 368.28928846763927, 183.09560344257315, },
                { 227.89910048089263, 316.1913977324494, 301.4050430898594, 368.01358670570846, 296.44561052577586, 267.8245694479877, 333.0540496676178, 242.79209212822397, 341.796723214252, 119.54915307102765, 246.3980519403512, 95.1892851112981, 181.6645259812713, 135.0148140020198, 180.13605968822566, 184.53184007102948, 355.36038045904894, 131.24023773218335, 138.10141201305655, 284.14256984830695, 83.24061508662703, 248.65236777477105, 270.1851217221259, 99.98499887483122, },
                { 409.2529779977172, 501.67419706419025, 486.89321211123905, 553.4835137562816, 479.5518741491894, 452.0398212547209, 518.4255009159947, 427.66575733860196, 527.3755777432247, 303.3183146465112, 431.97453628657325, 278.8207309365643, 364.3514786576281, 320.45124434147544, 365.66241261578966, 369.00135501106223, 540.8890828996274, 315.0142853903613, 323.3604799600594, 469.6136710105446, 259.20841035738016, 434.25568505202097, 455.02747169813824, 278.92113580723856, },
                { 323.2150986572255, 402.9900743194552, 384.2199890687625, 450.0177774266257, 389.30964539810725, 359.2881851661699, 420.41527089295886, 323.0139315880973, 425.30106983171345, 199.56452590578317, 333.0615558721841, 176.13914953808538, 276.4416755845616, 225.39077177204928, 268.6279955626368, 276.7417568781408, 441.3898503590675, 225.80079716422614, 222.64321233758733, 371.3825520941984, 182.33211456021672, 334.63114021262277, 360.20272070044115, 171.0, },
                { 184.17654573804992, 273.6603734558586, 260.0999807766237, 326.663435358168, 252.7864711569826, 224.37691503361035, 290.33773437154184, 202.88173895153798, 300.0966510976089, 83.52843827104634, 204.1886382735337, 61.07372593840988, 137.93114224133723, 92.5418824100742, 137.81872151489435, 141.12760183606892, 312.9217154497271, 87.5728268357257, 98.35141076771599, 241.59884105682295, 43.86342439892262, 206.6422028531442, 227.00881040171106, 73.00684899377592, },
                { 310.9228200052225, 391.4792459377636, 373.06567786383135, 439.00455578501686, 377.24395290050705, 347.32837488463275, 408.8642806604656, 312.01442274356486, 414.12075533592855, 188.2153022471871, 321.49805598168086, 164.59647626847908, 264.1685068285014, 213.37759957408838, 256.82678987987214, 264.66015944981217, 429.97906925802795, 213.50644018389704, 211.0473880435387, 359.8055030151707, 169.80577139779436, 323.130004796831, 348.3690571793081, 160.11246047700348, },
                { 326.9877673552942, 418.57854698968987, 403.98267289575676, 470.5879301469599, 396.91938728159903, 369.1354764852601, 435.332057170156, 345.0811498763733, 444.3872185380673, 221.05429197371402, 348.89683288903615, 196.5400722499104, 281.710844661685, 237.35627229968034, 282.57388414359883, 286.01573383294846, 457.79689819831674, 232.1055794245369, 240.55976388415417, 386.51778743028115, 177.38658348364456, 351.1993735757511, 372.0013440835933, 197.9595918363139, },
                { 371.13474641967974, 463.9073183298578, 449.5019466031265, 516.1094845088588, 441.4532817864196, 414.01086942253096, 480.59962546801887, 390.6161799004235, 489.87549438607357, 266.5276721092952, 394.30064671516834, 242.01239637671455, 326.2590994899606, 282.7083302628347, 327.9542651041453, 331.02416830195347, 503.15007701480084, 277.0, 286.09963299522076, 431.84487955746334, 221.09726366465958, 396.63711374504527, 417.0767315494836, 243.00205760445732, },
                { 448.91090430061956, 533.9007398384085, 516.0155036430591, 582.0214772669476, 517.2243227072756, 488.082984747471, 551.1769225938256, 455.03955871989854, 557.0439839007329, 331.05437619823124, 463.84587957639553, 307.19700519373555, 402.67232335982567, 354.2654372077525, 398.5398348973412, 404.89134344907893, 572.5906041841763, 352.1491161425796, 353.45862558438154, 502.08565006381133, 301.37020423392886, 465.6189429136233, 489.76831257238354, 303.1336338976591, },
                { 385.69547573182655, 474.0042193905029, 457.68329661459137, 524.1039973135103, 454.8681127535761, 426.3578309354714, 491.0498956317983, 397.5437082887868, 498.48570691645716, 272.9706943977686, 404.0012376218667, 248.65236777477105, 339.8602654032978, 293.20641193534635, 338.0532502432124, 343.06413394582654, 513.008771854829, 289.66359798911566, 294.20571034566956, 442.01809917694544, 237.00210969525145, 406.03078701004927, 428.61754513785365, 246.94128856876083, },
                { 419.934518705, 512.8781531709067, 498.2710105956396, 564.8690113645818, 490.36822898715616, 463.0043196342773, 529.5904077681166, 439.14120735817994, 538.7132818113918, 314.8412298286233, 443.23018850254323, 290.33773437154184, 375.1919508731497, 331.6654941352808, 376.8978641488964, 380.0328933131973, 552.110496187131, 326.00153373872337, 334.7730574583325, 480.8159731123749, 269.8184574857695, 445.53899941531495, 466.086901768329, 290.5580836941213, },
                { 280.0607077045975, 368.03396582380816, 352.4556709715422, 419.0107397191628, 348.78646762740095, 320.14059411452337, 385.0, 293.025596151599, 393.0712403623547, 168.68906307167634, 298.10736320996836, 144.183910336764, 233.94443784796422, 187.04277585621958, 232.0021551624036, 236.8459414893994, 407.1228315877163, 183.5755975068582, 188.85973631242842, 336.0133925902359, 133.19534526401438, 300.2399040767233, 322.39727045990946, 145.15164484083533, },
                { 275.0727176584403, 365.39567594595314, 350.77058029430003, 417.3787249010184, 344.4894773429226, 316.3558123379433, 382.1884351991829, 292.0359566902678, 391.15470085376705, 168.32409215557945, 295.67718883945037, 143.8401890988746, 229.36651891677653, 184.1738309315414, 229.36869882353173, 233.13729860320507, 404.5985664828782, 179.4017837146554, 187.41664813991312, 333.33766663850037, 126.64912159190051, 297.9681191000138, 319.02507738420815, 146.54009690183776, },
                { 432.9457240809753, 524.2756908345074, 508.90568870862506, 575.4459140527457, 503.0188863253546, 475.2367830881781, 541.1330705103875, 449.25716466184485, 549.5316187445451, 324.72757813280964, 454.440315112997, 300.28819490616013, 387.806652856807, 343.09328177625395, 388.2177224187479, 392.08162415497105, 563.4296761797341, 338.21295066865787, 345.3056616969956, 492.22860542638114, 283.0494656416083, 456.63114217057074, 478.0167361086848, 299.47453981933086, },
                { 220.11133546457802, 317.1277345171816, 306.10455730027934, 372.307668467895, 291.0068727710739, 264.6828290615015, 333.19063612292587, 250.9362468835461, 345.2448406565984, 134.52509059651288, 248.92770034690795, 112.29425630903836, 176.22996340009834, 138.52075656738234, 183.13383084509536, 182.8578683021324, 356.4267105591274, 128.89142717807107, 147.59742545180114, 285.2402496142506, 70.0, 251.7717220022932, 268.6801071906888, 123.1665539016173, },
                { 309.2005821469293, 391.0038362983156, 373.001340480165, 439.072886887815, 375.969413649568, 346.2383572049752, 408.3356462519529, 312.1297807002722, 414.0193232205473, 188.0239346466295, 320.97507691408066, 164.19500601419034, 262.50523804297694, 212.24985276791125, 256.00781238079435, 263.38754716197195, 429.6161077054723, 211.81359729724625, 210.535032714273, 359.25478424093393, 166.88319268278636, 322.6840560052511, 347.47230105434306, 160.44936896105264, },
                { 298.328677803526, 393.46791482915097, 380.6796553534218, 447.21359549995793, 369.0338737839658, 342.21046155838076, 409.8597321035576, 323.31099579197735, 420.53418410397984, 201.20139164528658, 324.4225639501667, 176.9773996870787, 254.00787389370433, 212.8966885604377, 258.11818998280614, 259.6959760951255, 432.78285548297777, 205.54804791094466, 218.56349191939628, 361.4484748895754, 148.16544806398016, 327.00152904841286, 345.7658167025769, 181.59570479501986, },
                { 332.32062830946865, 414.9457795905388, 397.0012594438461, 463.06910931307004, 399.49092605464773, 369.8986347636336, 432.26149493101974, 336.12051410171324, 438.0182644593716, 212.02122535255756, 344.90723390500233, 188.17013578142522, 285.70789278562114, 235.9194777885031, 279.8356660613511, 286.93727537564723, 453.583509400419, 235.01702066020664, 234.48027635602958, 383.1761996784247, 188.36666371733614, 346.636697422532, 371.24789561693143, 184.39088914585776, },
                { 189.21416437465774, 265.0, 247.0323865407125, 313.26985172531363, 252.4836628378161, 221.92341021172146, 282.39157211220027, 186.52613757862463, 288.00173610587836, 62.03224967708329, 195.02820308868152, 38.118237105091836, 142.66744548074027, 88.95504482602435, 130.8166656049603, 140.4563989286355, 303.5341825890455, 93.74433316206373, 84.5931439302264, 233.34309503390068, 76.92203845452875, 196.65197685250968, 222.39604313026794, 38.01315561749642, },
                { 345.7875070039402, 433.0288673980062, 416.58132459341, 482.99585919550077, 414.53226653663523, 385.77843381920667, 450.111097397076, 356.4393356519451, 457.39479664727276, 231.8641843838759, 363.00550960006103, 207.54276667713572, 299.7081914129142, 252.38858928247924, 297.1363323459452, 302.49132218957953, 472.0, 249.3290997858052, 253.12645061312736, 401.06109260310956, 198.08079159777205, 365.0054794109261, 387.87240169932176, 205.99514557387025, },
                { 331.80265218952064, 411.9465984809196, 393.21495393741066, 459.0174288630008, 398.07662578955825, 368.11003789627904, 429.36464689119435, 332.01355394019686, 434.2948307313823, 208.54016399725018, 342.00730986340045, 185.0837648201484, 285.0491185743257, 234.18368858654523, 277.5103601669675, 285.49781084975064, 450.3620765561861, 234.38643305447522, 231.57936004747918, 380.3261758017715, 190.18412131405714, 343.58841656842856, 369.0758729583932, 180.0, },
                { 429.67080422109206, 523.106107783115, 508.6708169337022, 575.2747169831123, 500.22494939776846, 473.00422831091055, 539.7795846454366, 449.64096788437774, 549.0719442841712, 325.3936078044558, 453.5118521053226, 300.8853602287755, 385.0831079130841, 341.915194163699, 387.1640479176753, 390.10383233185496, 562.3539810475249, 336.0372003216311, 345.2144261180288, 491.04378623499554, 279.5174413162799, 455.84756223983476, 476.1774879181081, 301.2308085173228, },
                { 237.30360300678117, 333.19063612292587, 321.4000622277475, 387.76926128820475, 308.0146100430952, 281.3485382936972, 349.4137948049561, 265.31679177918613, 360.85454133209964, 146.37281168304446, 264.5770209220748, 123.17467272130257, 193.04144632694815, 153.52524222420234, 198.4943324127921, 199.11052207254141, 372.5077180408481, 145.0, 161.1862276995153, 301.2308085173228, 87.14355971613737, 267.30693967796645, 285.0982286861846, 131.89389675038038, },
                { 196.46119209655632, 284.2534080710379, 269.8332818612263, 336.44167399417097, 264.5996976566678, 235.8495283014151, 301.0813843464919, 211.74749113035554, 310.0967590930289, 89.96110270555825, 214.5250568115529, 66.24198064671678, 150.02999700059985, 103.04368005850722, 148.21605850919124, 152.55490814785344, 323.44705903748763, 99.46356116689167, 106.96261028976434, 252.1983346495373, 56.586217403180434, 216.8340379184043, 238.17010727629108, 74.96665925596525, },
                { 185.0108104949546, 283.58420266298333, 273.87953556262653, 339.69545183884935, 256.09568524284043, 230.25420734483876, 299.3760177435728, 220.56518310921152, 312.4163888146715, 111.07204868912791, 216.20592036297248, 92.0869154657707, 141.69333082400175, 107.78682665335315, 151.22169156572744, 149.25481566770299, 322.8157369150395, 95.88013350011565, 119.85407794480753, 251.85710234178427, 35.35533905932738, 219.24643668712156, 234.62523308459387, 107.33126291998991, },
                { 220.27255843613383, 299.6681497923995, 282.0868660537034, 348.36762191684807, 285.4645336990219, 255.3507391804457, 316.98738145232215, 221.65288177689007, 323.02476685232665, 97.12878049270464, 229.63013739489858, 73.0, 173.4589288563722, 121.51131634543344, 164.7573974060042, 172.9566419655516, 338.3326765182459, 123.1665539016173, 119.20570456148481, 267.904833849634, 90.4267659490264, 231.36551169091732, 256.30060475933334, 71.84010022264724, },
                { 459.0250537824706, 545.4438559558628, 528.0236737117002, 594.1649602593542, 527.7973095801077, 498.9308569331025, 562.6482026986312, 467.24083725633403, 569.0035149276321, 343.0131192826303, 475.3798481214785, 319.00626953086675, 412.98910397248983, 365.3176699805253, 409.82557265256156, 415.6657310868915, 584.2473791126495, 362.60446770551516, 365.11094204364787, 513.5610966574474, 310.6976021793538, 477.2357907785207, 500.8492787256462, 315.5138665732459, },
                { 436.57072737415643, 528.4174486142562, 513.2494520211395, 579.8085891050597, 506.77411141454337, 479.12628815376013, 545.2348118013009, 453.7223820796149, 553.8312017212464, 329.2294033041399, 458.62838987572496, 304.77040538739976, 391.56353252058597, 347.2074307960589, 392.36844929224367, 396.02020150492325, 567.5958068907838, 342.0935544555027, 349.6569747624091, 496.36377788875774, 286.574597618142, 460.8513860237376, 482.0, 304.1792234851026, },
                { 408.3356462519529, 500.62460986251966, 485.7911073702358, 552.3784934263824, 478.60213121130164, 451.0543204537564, 517.3867025736166, 426.5301865050116, 526.2860438962826, 302.16551755618974, 430.9106635951355, 277.67066823847273, 363.39785359850435, 319.4010018769509, 364.6052660069517, 368.0, 539.8342338162706, 314.02547667346994, 322.2483514310042, 468.56483009291253, 258.3118270617898, 433.1835638617883, 454.0176208034221, 277.71388153997634, },
                { 418.43159536535956, 512.4860973724068, 498.38940598692506, 565.0, 489.10223880084624, 462.053027259859, 529.0935645044268, 439.6191533589045, 538.6965750772878, 315.5582355128764, 442.9954853043087, 291.04295215655026, 374.0120318920235, 331.3608305156178, 376.62979170532964, 379.2584870507185, 551.7571929753159, 325.1538097577822, 335.05969617368186, 480.4268935020187, 268.26852219371546, 445.3818586336898, 465.3482566852486, 291.8938163099726, },
                { 288.90482862008383, 372.38823826753713, 355.1408171415953, 421.4285230024185, 356.16849944934773, 326.6955769519998, 389.62161131025573, 294.6794869005985, 396.06186385462564, 170.18813119603846, 302.32432915661946, 146.03081866510234, 242.29321080046796, 192.7615106809448, 236.93247983339052, 243.64728605096343, 411.17514516322603, 191.60375779195982, 192.04166214652486, 340.5304685340212, 145.82523787054146, 304.16442921551493, 328.20725159569525, 143.85061696079026, },

        };

        double[][] distancesToHubs = {

                { 0.0, 109.60383204979651, 114.02192771568107, 170.29386365926402, 71.56814934033156, 51.10772935672255, 122.10241602851272, 96.17692030835673, 142.87407042567241, 137.00364958642524, 65.19202405202648, 154.18495387034366, 46.8187996428785, 100.72239075796404, 69.02897942168927, 51.088159097779204, 146.26346091898688, 97.41663102366043, 112.29425630903836, 82.80700453464067, 150.16324450410627, 69.6419413859206, 59.81638571495272, 168.44286865284622, },
                { 109.60383204979651, 0.0, 31.906112267087632, 60.802960454241045, 53.71219600798314, 58.52349955359813, 17.72004514666935, 86.33075929238663, 33.94112549695428, 203.54115063052976, 70.06425622241343, 226.88322987827902, 143.29340529138108, 181.22361876973983, 136.0588108135596, 134.34656675925888, 39.319206502675, 188.2471779336944, 180.46883387443938, 32.0624390837628, 248.29418035870273, 68.3593446428504, 50.566787519082126, 233.45235059857504, },
                { 114.02192771568107, 31.906112267087632, 0.0, 66.61080993352356, 76.16429609731846, 67.11929677819934, 46.69047011971501, 61.814237842102365, 41.10960958218893, 185.0108104949546, 58.180752831155424, 209.11719202399405, 138.42326394071193, 167.90473489452285, 122.97154142320898, 126.21014222319853, 60.166435825965294, 178.03651310896873, 163.6001222493431, 32.64965543462902, 239.0815760362977, 54.78138369920935, 56.08029957123981, 213.39634486091836, },
                { 170.29386365926402, 60.802960454241045, 66.61080993352356, 0.0, 110.75197515168747, 119.28118040998756, 52.009614495783374, 127.00393694685216, 27.730849247724095, 251.24092023394596, 123.4908903522847, 275.4650613054222, 201.69283576765935, 234.3608329051593, 189.274932307477, 191.0026177831079, 32.57299494980466, 243.82370680473218, 230.15212360523637, 89.47066558375433, 304.6850833237492, 120.5404496424333, 110.78808600206071, 279.0286723618202, },
                { 71.56814934033156, 53.71219600798314, 76.16429609731846, 110.75197515168747, 0.0, 31.906112267087632, 58.7962583843564, 102.62553288534, 86.28441342444185, 194.6175737183053, 70.76722405181653, 215.35319825811735, 115.2128465059344, 163.95426191471816, 122.56018929489298, 112.58774356030055, 81.46778504415104, 165.21501142450705, 169.72919607421701, 48.05205510693585, 221.00904958847272, 72.47068372797375, 36.87817782917155, 226.24102192131292, },
                { 51.10772935672255, 58.52349955359813, 67.11929677819934, 119.28118040998756, 31.906112267087632, 0.0, 71.30918594402827, 74.84650960465692, 92.00543462209176, 163.27277789025334, 40.8166632639171, 184.48035125725448, 88.56635930193812, 133.98880550254935, 91.39474820797966, 83.2946576918352, 95.46203433826454, 137.03284277865654, 138.51353724455961, 34.48187929913333, 194.92819190666086, 43.382023926967726, 11.40175425099138, 194.79476378999513, },
                { 122.10241602851272, 17.72004514666935, 46.69047011971501, 52.009614495783374, 58.7962583843564, 71.30918594402827, 0.0, 103.87011119662864, 29.832867780352597, 221.04524423746375, 87.36704184073076, 244.28262320517192, 158.38244852255568, 198.04039991880444, 153.00326793895613, 150.3362896974646, 24.166091947189145, 204.41379601191306, 197.82062582046393, 49.09175083453431, 264.0378760708395, 85.84287972802403, 65.0, 251.0657284457598, },
                { 96.17692030835673, 86.33075929238663, 61.814237842102365, 127.00393694685216, 102.62553288534, 74.84650960465692, 103.87011119662864, 0.0, 102.82509421342633, 124.57929201917949, 34.92849839314596, 148.9731519435633, 98.60020283954795, 112.80514172678478, 71.02816342831905, 82.21921916437786, 121.29715577869086, 126.57013865837392, 104.78549517943789, 60.30754513325841, 187.0, 31.622776601683793, 66.24198064671678, 152.029602380589, },
                { 142.87407042567241, 33.94112549695428, 41.10960958218893, 27.730849247724095, 86.28441342444185, 92.00543462209176, 29.832867780352597, 102.82509421342633, 0.0, 226.00221237855172, 96.317184344228, 250.0319979522621, 174.0028735394907, 207.63910999616618, 162.43152403397562, 163.5145253486674, 24.20743687382041, 216.5848563496534, 204.29635336931494, 61.741396161732524, 277.33373397406956, 93.55746896961247, 83.21658488546619, 254.503438090726, },
                { 137.00364958642524, 203.54115063052976, 185.0108104949546, 251.24092023394596, 194.6175737183053, 163.27277789025334, 221.04524423746375, 124.57929201917949, 226.00221237855172, 0.0, 133.82077566656082, 24.515301344262525, 93.34880824091971, 39.96248240537617, 72.09022125087424, 86.02325267042627, 241.82845159327303, 56.32051136131489, 25.059928172283335, 172.13076424625552, 86.35392289873113, 135.20355024924456, 162.64070831129578, 31.76476034853718, },
                { 65.19202405202648, 70.06425622241343, 58.180752831155424, 123.4908903522847, 70.76722405181653, 40.8166632639171, 87.36704184073076, 34.92849839314596, 96.317184344228, 133.82077566656082, 0.0, 156.92354826475216, 80.7093550959243, 111.64676439557037, 66.37017402418047, 68.0294054067798, 109.01834707974616, 120.33287165193059, 110.45361017187261, 38.3275357934736, 181.23189564753773, 4.47213595499958, 33.94112549695428, 164.2224101637776, },
                { 154.18495387034366, 226.88322987827902, 209.11719202399405, 275.4650613054222, 215.35319825811735, 184.48035125725448, 244.28262320517192, 148.9731519435633, 250.0319979522621, 24.515301344262525, 156.92354826475216, 0.0, 108.4665847162157, 53.53503525729669, 93.14504817756014, 104.21612159354233, 265.42418879973997, 63.25345840347388, 46.52956049652737, 195.2434377898525, 73.00684899377592, 158.5339080449353, 184.61040057374882, 20.396078054371138, },
                { 46.8187996428785, 143.29340529138108, 138.42326394071193, 201.69283576765935, 115.2128465059344, 88.56635930193812, 158.38244852255568, 98.60020283954795, 174.0028735394907, 93.34880824091971, 80.7093550959243, 108.4665847162157, 0.0, 55.0, 38.01315561749642, 17.72004514666935, 182.16750533506243, 50.695167422546305, 69.81403870282824, 112.36102527122117, 106.38138934982942, 84.62860036654276, 93.39164844888434, 123.98790263570072, },
                { 100.72239075796404, 181.22361876973983, 167.90473489452285, 234.3608329051593, 163.95426191471816, 133.98880550254935, 198.04039991880444, 112.80514172678478, 207.63910999616618, 39.96248240537617, 111.64676439557037, 53.53503525729669, 55.0, 0.0, 45.27692569068709, 51.54609587543949, 220.44500447957535, 20.615528128088304, 22.02271554554524, 149.164338901763, 74.88658090739622, 114.12712210513327, 135.5322839769182, 69.29646455628166, },
                { 69.02897942168927, 136.0588108135596, 122.97154142320898, 189.274932307477, 122.56018929489298, 91.39474820797966, 153.00326793895613, 71.02816342831905, 162.43152403397562, 72.09022125087424, 66.37017402418047, 93.14504817756014, 38.01315561749642, 45.27692569068709, 0.0, 21.37755832643195, 175.231275747225, 55.90169943749474, 47.16990566028302, 104.01922899156675, 116.86744627996283, 68.8839603971781, 91.59148432032315, 103.78824596263297, },
                { 51.088159097779204, 134.34656675925888, 126.21014222319853, 191.0026177831079, 112.58774356030055, 83.2946576918352, 150.3362896974646, 82.21921916437786, 163.5145253486674, 86.02325267042627, 68.0294054067798, 104.21612159354233, 17.72004514666935, 51.54609587543949, 21.37755832643195, 0.0, 173.61163555476344, 54.147945482723536, 61.220911460055866, 102.61091559868278, 114.00438588054409, 71.55417527999327, 86.09297300012354, 117.5967686630887, },
                { 146.26346091898688, 39.319206502675, 60.166435825965294, 32.57299494980466, 81.46778504415104, 95.46203433826454, 24.166091947189145, 121.29715577869086, 24.20743687382041, 241.82845159327303, 109.01834707974616, 265.42418879973997, 182.16750533506243, 220.44500447957535, 175.231275747225, 173.61163555476344, 0.0, 227.55438910291315, 219.14607000811125, 71.34423592694787, 287.50652166516153, 107.01868995647442, 88.88756943465155, 271.26739575555337, },
                { 97.41663102366043, 188.2471779336944, 178.03651310896873, 243.82370680473218, 165.21501142450705, 137.03284277865654, 204.41379601191306, 126.57013865837392, 216.5848563496534, 56.32051136131489, 120.33287165193059, 63.25345840347388, 50.695167422546305, 20.615528128088304, 55.90169943749474, 54.147945482723536, 227.55438910291315, 0.0, 42.42640687119285, 156.348968656656, 61.09828148156051, 123.36936410632909, 140.22838514366484, 81.83520025025906, },
                { 112.29425630903836, 180.46883387443938, 163.6001222493431, 230.15212360523637, 169.72919607421701, 138.51353724455961, 197.82062582046393, 104.78549517943789, 204.29635336931494, 25.059928172283335, 110.45361017187261, 46.52956049652737, 69.81403870282824, 22.02271554554524, 47.16990566028302, 61.220911460055866, 219.14607000811125, 42.42640687119285, 0.0, 148.75819305167698, 89.80534505250787, 112.16059914247963, 138.24615727028365, 56.824290580701486, },
                { 82.80700453464067, 32.0624390837628, 32.64965543462902, 89.47066558375433, 48.05205510693585, 34.48187929913333, 49.09175083453431, 60.30754513325841, 61.741396161732524, 172.13076424625552, 38.3275357934736, 195.2434377898525, 112.36102527122117, 149.164338901763, 104.01922899156675, 102.61091559868278, 71.34423592694787, 156.348968656656, 148.75819305167698, 0.0, 216.61486560252507, 37.107950630558946, 23.600847442411894, 202.40553352119602, },
                { 150.16324450410627, 248.29418035870273, 239.0815760362977, 304.6850833237492, 221.00904958847272, 194.92819190666086, 264.0378760708395, 187.0, 277.33373397406956, 86.35392289873113, 181.23189564753773, 73.00684899377592, 106.38138934982942, 74.88658090739622, 116.86744627996283, 114.00438588054409, 287.50652166516153, 61.09828148156051, 89.80534505250787, 216.61486560252507, 0.0, 184.36105879496353, 199.27117202445515, 91.92388155425118, },
                { 69.6419413859206, 68.3593446428504, 54.78138369920935, 120.5404496424333, 72.47068372797375, 43.382023926967726, 85.84287972802403, 31.622776601683793, 93.55746896961247, 135.20355024924456, 4.47213595499958, 158.5339080449353, 84.62860036654276, 114.12712210513327, 68.8839603971781, 71.55417527999327, 107.01868995647442, 123.36936410632909, 112.16059914247963, 37.107950630558946, 184.36105879496353, 0.0, 35.608987629529715, 165.32694880145826, },
                { 59.81638571495272, 50.566787519082126, 56.08029957123981, 110.78808600206071, 36.87817782917155, 11.40175425099138, 65.0, 66.24198064671678, 83.21658488546619, 162.64070831129578, 33.94112549695428, 184.61040057374882, 93.39164844888434, 135.5322839769182, 91.59148432032315, 86.09297300012354, 88.88756943465155, 140.22838514366484, 138.24615727028365, 23.600847442411894, 199.27117202445515, 35.608987629529715, 0.0, 193.84787850270635, },
                { 168.44286865284622, 233.45235059857504, 213.39634486091836, 279.0286723618202, 226.24102192131292, 194.79476378999513, 251.0657284457598, 152.029602380589, 254.503438090726, 31.76476034853718, 164.2224101637776, 20.396078054371138, 123.98790263570072, 69.29646455628166, 103.78824596263297, 117.5967686630887, 271.26739575555337, 81.83520025025906, 56.824290580701486, 202.40553352119602, 91.92388155425118, 165.32694880145826, 193.84787850270635, 0.0, },

        };
        double[][] distanceToDest = {
                { 415.81967245429837, 155.95512174981621, 425.0294107470682, 299.202272718641, 386.46345234704927, 385.50226977282506, 280.84515306481615, 353.1147122395214, 194.36306233438492, 166.00301202086666, 185.52627846210896, 151.47607071745688, 352.02982828163863, 303.40237309553135, 452.2521420623677, 404.623281584241, 351.00142449853394, 344.32687957811254, 367.4180180666158, 386.86560974064366, 364.8575064323057, 351.6774089986447, 156.05127362504928, 241.23847122712414, 436.3542139134215, 401.2605138809449, 307.5857603986244, 223.0, 216.5848563496534, 168.07438829280326, 241.40629652103112, 413.09805131469693, 338.14789663695973, 401.6590594023742, 318.6989174754128, 199.45926902503177, 401.3601873629222, 208.00240383226344, 235.54405108174564, 180.08053753806934, 396.35337768208814, 342.94751785076386, 301.34697609234445, 388.6708118704053, 400.4047951760818, 348.209706929603, 202.98029461009264, 362.6789213615812, 393.58480661732864, 198.16155025635018, 200.24235316236172, 417.3823187438586, 444.07206622349037, 409.69500851242987, 346.2860089579133, 195.12560057562922, 225.39964507514205, 293.53705047233814, 317.47913317255984, 330.75217308432, 197.7978766316767, 223.75432956704995, 301.4796842243271, 336.5352878971238, 189.16923639957952, 297.88924116187883, 313.1149948501349, 251.2866888635369, 304.64733709651887, 180.2692430782356, 326.7736219464478, 314.8793419708571, 412.54939098246166, 190.06577808748213, 303.59183124715327, 225.75429121059915, 177.99157283422156, 317.58620876857987, 329.40097146183405, 265.09243670840556, 391.84690888151715, 297.9832210041364, 271.0645679538364, 213.76856644511605, 409.67426084634604, 432.26149493101974, 410.8965806623365, 241.36694056974744, 212.72047386182646, 413.0193700058146, 287.2368360778262, 282.79321066814884, 323.05572274763995, 243.20567427590993, 392.4499968148809, 286.8762799535716, 165.19382555047267, 261.51290599127225, 310.55112300553674, 304.16442921551493, 308.11199262605794, 249.08833774386147, 310.69277429641005, 308.78471464760037, 298.82603634890984, 330.00151514803684, 349.09024621149183, 365.3505166275258, 259.0829982843336, 442.2454069857594, 404.81106704239204, 361.04985805287333, 257.62957904712727, 257.70137756713683, 350.7819835738432, 358.34341071101056, 225.5681715136247, 414.53226653663523, 330.2756424564185, 338.42281246984516, 178.3732042656632, 367.484693558793, 314.3405796266209, 386.0323820614017, 442.82389276099366, 238.75719884434898, 252.50742563338608, 206.90335908341362, },
                { 316.45694809878955, 61.032778078668514, 336.2038072360276, 211.29363454680788, 285.2805636562014, 291.98801345260733, 182.00274723201295, 264.5770209220748, 100.43903623591775, 57.0087712549569, 91.67878707749138, 74.02702209328699, 252.28555249954366, 204.0392119177096, 352.115038020247, 309.23292192132453, 264.66015944981217, 254.65663156493687, 271.1180554666177, 291.20782956507196, 273.00183149568795, 249.57563983690395, 82.97590011563598, 143.22360140703069, 340.02352859765455, 300.8803749000589, 205.1828452868319, 142.35167719419397, 108.81176406988355, 91.83681179135085, 154.40207252495026, 323.72982562624657, 249.65776575143823, 304.0148022712052, 220.00909072126996, 90.82400563727631, 304.00164473239283, 129.25169244539896, 148.08105888330215, 80.39900496896712, 294.7422602885443, 241.19701490690136, 204.12006270820123, 294.8219801846531, 309.594896598765, 244.8121728999602, 107.5174404457249, 267.36678926149375, 297.0420845604205, 116.29703349613007, 93.39164844888434, 316.4253466459348, 347.00576364089403, 307.9951298316258, 242.83533515532702, 114.03946685248927, 130.39171752837677, 200.9601950635996, 215.83790213954546, 237.2172000509238, 90.24965373894794, 130.04999038831184, 200.42205467462907, 237.1349826575573, 79.64923100695951, 193.19679086361657, 211.68372634664195, 150.11995203836165, 208.290662296705, 85.14693182963201, 233.23807579381202, 214.3361845326169, 316.0253154416589, 88.0, 205.0, 130.11533345459327, 69.57010852370435, 214.70444802099468, 225.72992712531496, 164.14932226482082, 297.6726389845059, 194.17775361765828, 180.23595645708434, 105.1094667477673, 315.6992239458311, 338.92329515688357, 309.1035425225664, 140.089257261219, 122.00409829181969, 320.31546949843056, 191.58809983921236, 177.12425017484196, 235.80500418778223, 157.49285698088025, 291.9075196016711, 190.31815467789718, 87.65842800324451, 162.0, 217.68095920406083, 216.390850083824, 205.40691322348428, 149.00335566691106, 208.86598574205422, 217.99311915746333, 203.71057900855322, 244.23349483639626, 249.28898892650673, 275.2235455043772, 157.31814898478814, 342.06724485106724, 304.11346566701053, 272.9981684920249, 168.80758276807353, 168.5734261382855, 249.80192152983932, 265.37709019431196, 123.1990259701756, 318.0251562376788, 237.77510382712484, 245.48930730278255, 87.92041856133307, 274.14229881577927, 209.65924735150605, 297.75493278869453, 350.3740857997349, 150.1532550429727, 164.45364088398895, 111.46299834474219, },
